0101001001100000
0101010010100000
0001001001101010
0001001001000001
1001001001111111
0001001001110011
0000110001000100
0000101111001001
1100000001000000
0100101111101000
0100000001000000
0010001111110101
1010001000011001
0110010110000000
1110001100000110
0000111000000110
1100000111000000
1000000000000000
0011001001101111
1011001000000000
0111001010000101
1111000000100010
0000111111111111
0000111111101111
0100100001100101
0110110001101100
0110111100100000
0101011101101111
0111001001101100
0110010000100001
0000111100001111
0000000001000001
0000010100111001
0000000011111111
0100010101101110
0110010000000000